12445
30360
41880
80603
40262
86522
95637
81504
50874
12162
87470
66608
33154
44506
35315
44796
98292
81086
57008
07362
64944
19540
15957
82001
87440
53975
80792
79787
54791
59298
19874
62028
48653
35736
93776
84135
64646
39635
49391
48404
00256
62574
69385
02863
14649
54472
12910
25727
47236
64408
76928
22085
09970
09352
99957
51702
00968
70061
30820
01506
04698
81741
56778
53378
41411
48475
90945
84593
41056
65346
72488
54761
14483
85214
85752
01911
16817
80120
38869
56970
38968
95545
00193
96948
98160
00068
11717
25106
74279
30660
96223
33723
94389
63772
76162
40201
05567
31713
97214
24000
61539
52408
96520
91733
45867
54705
11230
66947
63756
62942
33267
75933
79141
98528
93654
92112
62762
90570
67069
78469
23431
59099
85360
71785
90185
93751
11171
05172
17970
20129
55632
67814
68964
61087
34722
77063
39149
77969
53640
06780
95797
25021
81884
67765
25587
95731
62296
88096
01073
91165
26426
44175
47904
37690
24584
08175
01879
50385
80371
82218
97595
96657
79436
89995
51010
96622
97763
05985
81756
35106
91488
90566
66799
17313
15330
35778
75971
68569
88667
39071
08840
36121
37772
29824
56152
57748
07699
47800
78289
11599
49582
75780
72258
20832
89138
84486
96164
26077
44944
20069
90293
91764
11281
20972
47886
09202
62462
49822
02778
68923
67535
05276
26203
27264
26739
87431
77127
75626
59504
71571
13997
60220
15482
81603
43219
80599
25514
77316
14196
28257
20713
91416
35268
85577
32852
53212
29637
50401
83087
68087
86299
04217
29397
51572
76981
89910
00522
98745
48990
94645
63876
09277
17386
11332
85187
09546
78239
95446
51909
88397
83473
54867
24366
00395
15586
54433
46426
67047
96449
15570
25403
83406
33369
89013
17585
67517
14642
21260
48969
86079
30618
04944
04747
68609
93627
68705
50310
70159
42517
67195
17153
19870
22014
18955
69979
71635
06635
65429
97358
53330
17905
03286
15360
59677
98433
16648
23512
57000
37793
20755
28283
32858
51725
71037
82093
47725
58927
02292
03772
09167
49472
49554
84785
87369
62318
87641
72661
09050
34513
51666
89221
88408
83225
65077
17170
95648
79641
25513
00502
73870
61670
24869
62189
01311
29462
59713
62728
06618
58497
15917
85002
46522
51507
11683
21157
18374
42026
28508
86996
93917
40884
46039
06835
69250
08069
46087
78755
86442
41824
29238
93917
19252
43199
62356
64206
70531
09521
08816
10805
42757
00689
60268
06634
12902
32764
10857
49034
30691
79588
54550
81071
56264
42100
85068
33965
82676
13887
10616
35673
67358
51796
00725
01910
37589
16485
79580
75545
60561
51623
45747
86784
00592
49435
53507
07178
18893
95452
17053
03689
94916
23608
47862
53905
48313
60884
49800
30150
46825
76248
03840
16207
41023
47587
49631
07033
79508
61034
83600
24389
79830
14584
44284
41707
18478
44952
14337
11629
70300
46104
16405
73285
75593
06873
19528
39696
28983
28776
77070
58501
76127
85168
78628
41758
06038
83658
37593
37733
12528
87380
04683
95291
65138
61400
11250
05736
98818
97306
11271
05002
97082
46604
47931
70933
86381
08504
16911
25169
90946
54427
40873
44965
09775
70311
22722
57834
14094
55872
99343
85645
88630
57585
17792
37210
90508
72735
30105
99883
63012
35155
89085
01024
75867
05626
96237
53069
24492
03925
16322
86812
29354
03913
81401
22093
51919
22619
35236
40465
64487
97100
24140
95705
47665
89473
48786
96636
04499
97543
33651
17714
68937
34806
76632
60988
02217
50023
58860
09985
08340
95068
64815
69866
87449
61212
45798
36227
57377
27792
39402
53599
86637
30284
82981
92133
66152
71399
98460
35297
10720
28165
27905
10763
39928
78319
51417
01298
75759
52583
15939
15391
38252
05657
99909
72302
02329
90090
87516
03858
42507
10342
97272
80711
33625
98532
50724
11869
71940
16754
26085
73337
51566
04873
37257
15407
14754
35435
00645
86361
81992
98797
48209
21850
67585
65250
90236
80661
35549
00232
63913
35071
26746
64635
70379
27146
54771
82228
01877
03649
16181
23931
44296
83716
93345
19974
07604
65651
84206
16110
62485
53868
42254
43060
70985
74497
98405
68289
97796
32286
61496
17377
29013
32878
40157
13523
08105
60102
89888
69080
31744
04923
25960
20305
50513
39761
55830
71802
95938
79871
82625
16762
96109
98622
69066
85173
18946
27055
54518
11429
69392
45333
54916
80851
72211
03539
14451
18375
58231
13866
67094
82111
35572
16354
40283
25138
19603
11148
75521
17981
07588
43172
51857
32454
97620
57900
90313
43811
14628
36805
12770
75233
96406
77374
86155
34889
40586
96836
79291
30374
48138
41975
78268
69327
77113
13006
94442
63714
80175
18239
46040
00184
50037
84011
84157
78882
56334
01969
28541
85958
12558
63747
59813
86379
16821
46212
27780
43558
08702
84770
93142
46702
73936
13463
52061
93931
66083
13703
89361
78051
55229
69250
32070
90874
82660
41350
24427
08536
49293
93003
25283
57574
67818
49158
77124
95051
51690
80024
52151
55622
85012
05624
78803
76746
69155
84917
14119
01779
65171
65311
77538
72446
00387
60943
29714
10906
81881
74394
76168
08206
13692
64903
02435
71717
64271
56237
91282
25822
52260
64234
33861
93568
35458
86526
12416
88473
38319
68734
12798
92834
54467
24765
23697
88530
16846
96262
27042
83387
79176
31599
64096
67268
97516
01099
25494
13534
90344
67371
79592
49821
94226
43469
07251
32949
08600
17341
49878
44738
06966
59732
54957
21981
05921
64490
28014
80316
53727
71275
77913
45172
70322
92321
80310
53570
78832
95092
99805
25711
24887
22551
09288
03859
21454
90204
80850
85138
50895
01105
18154
92781
48771
22892
75662
81449
86921
35046
73840
49550
33702
13767
95770
13783
41128
16959
83887
36827
58644
67282
59151
90972
03976
43167
15482
25853
57868
08365
76592
79406
24948
71282
05009
40641
38416
02015
73213
82425
93734
13539
84327
06132
74283
60007
46837
58085
50076
20049
01292
80329
22850
22859
37249
31536
66663
02977
50954
92753
74541
45256
83368
01761
54294
76310
74135
32597
11242
60761
30795
02603
34884
00111
78077
93329
16831
03016
99249
37053
21831
03492
37951
81309
12469
81593
80471
78377
74495
79226
41910
99768
79580
81880
64979
15825
06559
09356
32748
93522
46834
10292
35006
70164
69917
42378
77999
41214
65525
26855
49499
40383
42067
36354
62642
84368
29129
19229
43076
05874
49381
09266
72638
08130
39625
56065
72979
10649
14000
25169
86442
68520
31237
82189
01610
21922
23956
03897
21828
73923
19089
59453
56099
73878
21245
99896
04657
80017
26285
69727
30910
99027
27655
04220
68032
28726
24116
17321
57515
55506
34578
09496
03944
68274
29833
49057
06254
17573
65849
12662
81838
41204
29354
11993
68806
61447
17448
11259
98701
53627
03416
87287
64187
41158
65781
24585
28365
78486
97571
38896
99796
00917
58357
18980
16698
91420
28464
95381
39421
97917
42047
67312
37036
31564
29281
85984
06430
64146
02780
19527
39333
88298
01176
96437
54756
89506
18870
67926
09450
63528
14352
28556
62599
59954
25171
45388
38151
24760
07753
76335
03178
91451
32438
07174
50040
04756
72542
22482
58306
33670
46952
15688
61676
79894
26904
16271
44912
68609
09346
27966
52379
33272
56985
85729
01559
39498
20759
57548
63139
48274
05600
65036
84490
68436
81738
77643
30482
26397
87335
88956
11634
72798
80109
97031
58646
98075
87799
19326
18731
01046
11722
47654
49170
87595
41431
41657
14848
01251
97706
68501
62267
67987
72338
45522
14275
75997
92782
56931
67527
02072
16822
70773
52013
96913
74305
42176
75187
52426
41977
06673
90236
52267
74772
76386
75672
15201
12361
98071
52740
06008
24347
27217
62240
25128
50750
16073
72872
20213
18535
59315
63928
60054
56569
12482
57221
18772
27691
85077
27983
89486
97950
95092
45037
83038
64367
50006
02108
88581
61191
93718
34129
74785
65430
27740
27324
39294
69022
38802
59996
43515
83015
94523
88012
04450
47977
17282
57511
96628
36131
44224
73406
09410
69533
13684
81235
84147
27403
32514
08564
53251
55004
83701
95780
89681
56924
24852
46485
91927
19669
80247
75580
63690
50985
28272
30485
54810
01814
94860
28182
38129
65920
03636
93729
42359
18469
04864
54164
51796
01299
25383
49692
15107
30760
29975
36337
89822
03271
66264
31583
92883
35962
48308
40756
21392
90614
08384
26276
03518
61857
21293
51049
01126
92373
21185
84534
30106
19692
28265
82844
94433
81242
14944
19519
18333
92441
06757
39071
37455
57297
28186
77158
11036
77155
80401
19635
27022
41603
47679
30367
52654
77963
30235
31729
98659
63288
17334
38214
71990
28697
60148
67725
99640
50619
98767
16565
97768
16546
92767
63288
93964
54216
80607
17072
43120
62252
58016
64598
36444
61359
11584
85134
09202
99359
85534
59296
78367
03549
99635
21009
18519
17299
79366
48633
56418
59185
28351
06635
36311
05516
15952
79796
50436
07150
19884
15522
51683
61068
39173
64169
71707
08373
56436
56109
06419
41270
63781
13281
71916
15218
77807
39994
34715
42737
70839
87555
19176
59759
56525
26296
64908
37802
36349
21769
62723
46373
89950
21398
48299
26795
71742
75704
79769
65928
28627
26979
44719
34874
36799
34256
86191
25541
03697
15908
18197
01435
15843
52325
18713
10553
99351
11918
41545
37239
33097
87534
39738
07225
15078
58318
30315
92454
08508
55227
80247
19761
66977
52202
09671
94231
99852
69000
91067
84171
57917
78552
71560
88634
65792
86584
28784
87624
81691
23207
51433
90971
56068
15811
57240
15051
94965
45854
01410
92788
08337
76454
89347
16067
18544
79610
30244
97434
89991
96384
39444
82131
18199
91360
06257
01044
46569
58378
61459
64306
74767
14437
13781
58796
47433
33481
73511
50554
24443
05249
79020
79498
76407
31134
82312
94588
52959
07874
58481
30386
90531
70177
50039
05432
35263
22404
50628
69914
79744
90163
71128
43976
35334
44035
16820
08980
47190
05227
54671
81796
25210
12867
92218
92000
65805
88799
90475
22230
13952
58674
75231
33309
98507
19835
13130
17085
11100
73446
90597
88860
40589
63215
74687
41595
55025
67743
34535
55030
59025
29804
61136
82935
56427
47327
64701
71302
33860
88026
41661
08055
23633
53531
06147
30315
27871
05867
89411
90378
57093
00576
89062
47256
27703
64878
07722
41311
81588
21580
79735
45576
85977
73045
69445
40886
47864
65224
37754
93514
07085
00497
60939
01464
48235
59984
22093
77800
26068
11467
61988
10475
16134
69889
57766
64137
85778
04647
87953
96870
15723
58525
08525
73442
33211
60002
63852
84866
58695
70279
89156
29452
49174
07888
49932
74166
30279
32564
56864
27889
58388
75436
49226
61799
09065
43231
40564
07840
63172
76940
92128
12115
90743
68704
61706
25786
64698
70991
58051
11644
80494
90250
26565
49581
89990
03662
50830
32891
68201
11760
87151
92680
11021
29884
49971
07535
03496
91395
25368
52311
45307
57712
27466
26209
47196
79467
93365
41362
23350
85918
14749
34400
11395
92276
02853
68779
46489
19009
40269
27343
87960
91843
67528
79860
81715
15831
45044
12425
05674
11323
51686
68129
62086
42617
88797
67572
40027
69414
39523
74639
33521
49330
42206
51996
64814
29097
71827
23774
02145
25357
39389
58878
60558
22582
60428
05432
25387
33115
39061
79527
87085
87997
44102
15283
29256
43247
28295
19581
26205
52661
02962
05921
28599
73324
50617
20712
96729
47293
07683
38421
63368
16993
46273
31594
68026
17057
23585
82870
79328
24438
38421
89593
37056
04533
42349
15008
07380
66947
25652
37240
93548
00909
82613
44219
36808
72529
55921
54706
72269
38767
00931
53197
50772
84987
37808
03107
46498
82021
22439
05278
59783
23429
76958
98677
92494
83852
78344
54719
11417
77683
49825
03023
54338
13422
80411
87653
32818
04132
17960
14952
58218
33656
66000
64847
40966
01621
07430
71842
17169
10662
90558
82144
05907
00129
05834
96837
74128
06129
06939
21213
50627
17659
20790
84759
60080
76290
14199
16959
52636
23303
49374
90791
60467
03900
34436
79622
01523
35458
67411
80106
30876
14489
59542
90205
51139
66294
58221
04241
93799
55827
07564
59696
18914
97081
80073
24524
54282
21462
55630
77114
41898
59494
85097
25572
02133
33916
23908
32967
35996
10950
92770
17087
42391
98304
52710
63977
38281
09715
64232
62801
48141
49097
54226
85071
72009
99524
78416
75172
12970
64848
61609
11493
81365
87552
08908
99171
18190
88003
59630
89894
20729
90385
72078
20815
57495
80851
77110
18198
37578
12865
37925
65194
57991
41888
25768
13203
13762
19063
35140
64992
68546
01236
66261
47872
45719
46173
42062
03852
37502
28426
39728
26942
33027
52520
58256
49407
55459
83535
73730
72696
03095
20519
82370
46613
45540
74474
61790
36278
82235
43129
03536
50622
07159
43566
44144
86196
20098
00553
71633
73506
93207
39355
71837
35005
70787
99686
36080
54880
64927
96791
61885
15801
48935
55138
54786
98895
02007
68892
95892
73118
73339
75467
74415
04329
58341
19852
94985
24153
14824
14376
54705
24449
05972
97411
00914
18871
61776
84310
90667
82188
19967
12993
52225
14193
44289
77731
72752
47413
07806
30901
82027
39584
59480
65797
26740
23480
56882
72150
34253
24997
00090
99537
42778
12453
70198
61908
08670
93733
20839
50119
28115
55235
03499
28566
70701
38393
84738
87502
90318
57727
97897
35501
84832
82805
18540
20102
07387
12264
35495
73499
23794
93023
18417
56969
20185
64339
16961
21781
24512
75616
82238
93738
97327
91334
42672
51283
82943
24917
80623
44913
12747
27418
85515
45501
23765
01118
13774
16980
87049
83937
96799
32641
69442
99645
35184
00076
55600
24257
31854
39228
05063
23461
29643
13628
57865
76460
37417
84793
04193
25120
14795
16597
91621
14171
44448
92516
11530
32551
15511
29194
90787
27411
31970
64887
32913
58690
56832
70874
64548
07831
14015
77846
87270
37034
17761
81734
44217
06952
39220
45953
32139
54621
76058
36422
19894
70577
09551
26154
56866
23071
40505
80422
18864
43846
20487
50769
05876
73415
99480
07575
72941
74865
29641
06746
25495
25074
79291
53714
61550
90917
38533
57887
35949
12140
61733
96361
89703
68895
65145
02834
62915
93970
14889
46257
41378
20288
25465
39639
37805
48145
74142
81152
35711
85266
35880
92045
45198
15795
23431
12592
92970
96560
64208
43265
87913
93723
98080
74059
28204
18887
97304
08423
92971
69630
27712
61427
89090
10811
92599
17197
87669
35101
99972
81111
12136
95175
69669
37806
60856
90017
61014
32488
64934
83624
04368
15665
57452
59016
72064
56801
06571
64645
99411
38188
00095
40999
94881
99091
23425
92323
90731
56029
71505
74537
13660
11617
33857
48458
28352
59649
33766
71092
36238
76271
82363
54839
74100
36406
08924
54557
60386
59045
68696
08967
24215
55322
18297
66730
34429
18127
23736
02309
33068
12736
10917
14733
78798
78372
12047
93992
24487
86539
04059
73037
33240
29938
47999
96198
38412
71859
38390
42568
11985
03548
94132
31525
73282
57810
95905
05549
16424
78963
12367
18932
77249
31070
17352
91268
68234
08337
10030
39725
46213
44851
53054
86146
46258
79156
75143
92057
51840
06302
25520
12299
58081
95458
26237
17064
75961
06421
97190
86735
04102
50754
09512
48579
90896
96418
79270
42289
61244
79356
15526
71514
25279
43518
61363
47857
33936
55886
48331
05928
13855
33460
24718
79327
41936
64082
88721
77801
49457
21158
96143
65720
44264
51366
68563
83331
10655
87890
47875
56189
74595
28171
02123
96141
57714
15887
16106
05715
54435
09888
97000
89964
07109
55964
56951
87439
19314
51308
91144
38457
63123
61132
70803
81547
92483
85948
30082
31924
39460
82749
02286
93584
73676
71495
90530
64211
80168
30339
46360
70643
79371
96469
56996
74676
78950
81262
66709
28724
25952
06645
77340
65815
25285
76389
71877
54189
54020
27301
01764
04886
30945
70986
23807
80487
31691
88468
48625
03726
31028
55955
91512
29315
92133
57360
18885
32834
89090
54560
32936
41562
97299
65564
84144
44594
62145
93844
74695
58847
32037
99365
76368
73965
67517
05006
43731
25738
71697
33340
33956
02101
90389
22587
91497
97930
98472
02580
17803
90801
90754
65360
44523
08394
28218
94807
83175
85840
05880
16238
83076
03490
79145
21794
82587
30239
68293
82276
85533
82292
14304
79238
15682
28845
99966
16931
62264
70653
18765
66942
75494
02456
63843
43822
63858
86156
49326
97157
81229
43695
95643
86628
69362
00875
75613
87068
57744
68585
50596
51174
81998
63809
60819
04891
83679
92905
55087
06058
36867
70813
13815
19763
04882
78438
73251
65242
38621
58712
05169
34198
46803
97921
61960
87319
07108
41548
65991
34030
60335
58550
63516
50053
04890
23275
54661
48899
30531
16096
42284
51147
60713
31337
28009
99368
96858
17705
10907
68194
10909
99183
98774
54884
32193
05769
76623
71133
38808
87739
21476
77228
52653
83319
99064
88115
46227
18466
73553
94127
35288
55160
04466
88811
00322
51668
59608
16355
88315
35712
25934
96681
04113
02267
58227
91357
11629
28918
22754
54202
30341
86790
10977
22334
64895
37246
11131
19792
75856
85808
38683
16608
22058
54088
26062
00164
23065
43775
06031
69673
89533
51895
43190
55285
11884
84589
73516
79282
01918
98454
39947
43387
17544
45798
06209
82917
64677
38876
26059
86108
63369
65555
99185
58119
10071
83509
37174
92926
39143
39396
59533
61294
74623
27427
53142
12293
41682
02120
27627
39004
34892
13283
80372
31871
96983
81906
20583
30976
30201
95281
85276
42278
97779
40966
90275
44671
10208
76370
62157
31750
30479
48434
00071
34141
60989
99237
71636
02834
12932
37100
67963
22492
11484
90157
95632
33132
33051
94284
17010
12878
57060
36517
76557
49684
10634
72792
76859
66940
08438
56825
97900
36112
92414
40681
40854
41189
12560
74087
56666
08277
68425
56393
67917
82200
98648
93465
27647
46978
61551
29065
50636
78962
05781
14148
21408
65605
43519
78402
30509
46178
97344
51243
92666
64100
52835
29642
44107
82779
87593
95312
75499
61497
41755
45169
66759
41326
10795
12416
31135
58208
60380
77466
98521
64026
41311
42473
14847
83634
71279
96878
06849
05347
42462
62874
69244
98276
20048
73454
41697
86460
42992
80831
90108
29365
39553
84378
69271
09044
60136
43590
65869
93643
20012
06954
80231
86891
35258
63803
12614
97550
16926
37437
46606
93669
06662
54447
44001
55065
53278
69851
96847
40720
28191
99648
71395
38102
39000
59604
13634
39570
91917
30977
36086
25735
12698
08225
07689
95968
86426
33205
26348
41376
74026
84576
67835
20194
34910
83560
10688
59884
48299
74271
93397
43388
07530
90700
42540
79945
53653
31736
45816
33874
66186
58873
30283
20316
35384
61467
98521
84734
86766
39223
29743
73197
47455
56638
77283
58413
10803
57242
21856
02660
98087
84056
61099
21142
59402
63858
55973
51292
84772
82106
97422
39174
31500
31154
93990
55175
61306
98982
74830
27938
88758
60017
57694
45703
41338
17227
75237
65125
42283
08250
17877
99689
73208
93032
21038
35058
74032
97948
06728
03637
30768
21994
81110
91716
03750
81710
75839
92033
02559
70414
50157
01150
55285
46721
71947
54614
96517
60720
39545
29122
98332
51138
65938
52499
04611
76130
94938
30862
49804
52386
92904
45030
30098
35797
20132
40548
